
Area under ROCurve: 0.8584754415857598
Accuracy : 0.8381605129338935
Precision : 0.8204283360790774
Recall : 0.44424620874219445
F1 score :0.5763888888888888

_______________________ FAIRESS METRICS ____________________
DSP: 0.0990467723283221
DEO: 0.09357874823692988
DAO: 0.04952338616416105

