
Area under ROCurve: 0.9099999999999999
Accuracy : 0.84
Precision : 0.8333333333333334
Recall : 0.85
F1 score :0.8415841584158417

_______________________ FAIRESS METRICS ____________________
DSP: 0.6124794745484401
DEO: 0.5480295566502463
DAO: 0.30623973727422005

