
Area under ROCurve: 0.8595551181783713
Accuracy : 0.837055051956666
Precision : 0.8037974683544303
Recall : 0.45316681534344333
F1 score :0.5795778665145465

_______________________ FAIRESS METRICS ____________________
DSP: 0.10925107678184279
DEO: 0.09685421499094232
DAO: 0.05462553839092138

