
Area under ROCurve: 0.8233150883066633
Accuracy : 0.7366791952244086
Precision : 0.4789915966386555
Recall : 0.711864406779661
F1 score :0.5726587728740582

_______________________ FAIRESS METRICS ____________________
DSP: 0.15667471049998777
DEO: 0.151529999487512
DAO: 0.07833735524999387

