
Area under ROCurve: 0.9122168520275369
Accuracy : 0.8509838602697325
Precision : 0.7486095661846496
Recall : 0.6003568242640499
F1 score :0.6663366336633664

_______________________ FAIRESS METRICS ____________________
DSP: 0.11406489880590297
DEO: 0.09849283965141903
DAO: 0.057032449402951484

