
Area under ROCurve: 0.9031491419488248
Accuracy : 0.842803449038249
Precision : 0.7324263038548753
Recall : 0.576271186440678
F1 score :0.6450324513230155

_______________________ FAIRESS METRICS ____________________
DSP: 0.14477808155689398
DEO: 0.11182109266897064
DAO: 0.07238904077844699

