
Area under ROCurve: 0.8514285714285714
Accuracy : 0.82
Precision : 0.825
Recall : 0.9428571428571428
F1 score :0.88

_______________________ FAIRESS METRICS ____________________
DSP: 0.00935016362786345
DEO: 0.06825619448340348
DAO: 0.0729312762973352

