
Area under ROCurve: 0.8057142857142857
Accuracy : 0.81
Precision : 0.8
Recall : 0.9714285714285714
F1 score :0.8774193548387097

_______________________ FAIRESS METRICS ____________________
DSP: 0.016362786348761094
DEO: 0.05049088359046283
DAO: 0.042309490416082285

