
Area under ROCurve: 0.9304184818606466
Accuracy : 0.865797037364581
Precision : 0.765495867768595
Recall : 0.6610169491525424
F1 score :0.7094303494494973

_______________________ FAIRESS METRICS ____________________
DSP: 0.1850409210523384
DEO: 0.1368911141266202
DAO: 0.0925204605261692

