
Area under ROCurve: 0.8310420852298144
Accuracy : 0.8195887685164713
Precision : 0.7529021558872305
Recall : 0.4049955396966994
F1 score :0.5266821345707656

_______________________ FAIRESS METRICS ____________________
DSP: 0.09572094805822755
DEO: 0.08521360722474382
DAO: 0.04786047402911378

