
Area under ROCurve: 0.794
Accuracy : 0.695
Precision : 0.6756756756756757
Recall : 0.75
F1 score :0.7109004739336493

_______________________ FAIRESS METRICS ____________________
DSP: 0.30008210180623973
DEO: 0.4823481116584565
DAO: 0.3323070607553366

