
Area under ROCurve: 0.81893934983934
Accuracy : 0.7395533937652001
Precision : 0.4826325411334552
Recall : 0.7065120428189117
F1 score :0.5734974656046343

_______________________ FAIRESS METRICS ____________________
DSP: 0.10615765467667576
DEO: 0.14250998794539108
DAO: 0.08943116060705318

