
Area under ROCurve: 0.8057142857142857
Accuracy : 0.7
Precision : 0.7040816326530612
Recall : 0.9857142857142858
F1 score :0.8214285714285714

_______________________ FAIRESS METRICS ____________________
DSP: 0.017765310892940644
DEO: 0.0649836372136513
DAO: 0.05610098176718095

