
Area under ROCurve: 0.9168000000000001
Accuracy : 0.84
Precision : 0.84
Recall : 0.84
F1 score :0.8399999999999999

_______________________ FAIRESS METRICS ____________________
DSP: 0.6362889983579639
DEO: 0.539408866995074
DAO: 0.31814449917898197

