
Area under ROCurve: 0.9138052287026418
Accuracy : 0.8069865133760779
Precision : 0.5721769499417928
Recall : 0.8768956289027654
F1 score :0.692497358224727

_______________________ FAIRESS METRICS ____________________
DSP: 0.33798159945275197
DEO: 0.18793848361486748
DAO: 0.16899079972637596

