
Area under ROCurve: 0.7942857142857143
Accuracy : 0.74
Precision : 0.7558139534883721
Recall : 0.9285714285714286
F1 score :0.8333333333333334

_______________________ FAIRESS METRICS ____________________
DSP: 0.01589527816736791
DEO: 0.053763440860215006
DAO: 0.06171107994389899

