
Area under ROCurve: 0.9287
Accuracy : 0.87
Precision : 0.8775510204081632
Recall : 0.86
F1 score :0.8686868686868686

_______________________ FAIRESS METRICS ____________________
DSP: 0.6395730706075533
DEO: 0.577175697865353
DAO: 0.3197865353037767

