
Area under ROCurve: 0.8017110677929391
Accuracy : 0.7952686270174663
Precision : 0.7078891257995735
Recall : 0.296164139161463
F1 score :0.4176100628930818

_______________________ FAIRESS METRICS ____________________
DSP: 0.06392351896539814
DEO: 0.056338919452484565
DAO: 0.031961759482699074

