
Area under ROCurve: 0.9078424246429003
Accuracy : 0.8098607119168694
Precision : 0.5781905332534452
Recall : 0.8608385370205174
F1 score :0.6917562724014337

_______________________ FAIRESS METRICS ____________________
DSP: 0.2947207051834818
DEO: 0.17901918710491077
DAO: 0.14736035259174093

