
Area under ROCurve: 0.9314466329036654
Accuracy : 0.8697766968826001
Precision : 0.7736625514403292
Recall : 0.6708296164139161
F1 score :0.7185857620640229

_______________________ FAIRESS METRICS ____________________
DSP: 0.18836674532243292
DEO: 0.14250976512452346
DAO: 0.09418337266121647

