
Area under ROCurve: 0.8195238095238094
Accuracy : 0.76
Precision : 0.8382352941176471
Recall : 0.8142857142857143
F1 score :0.8260869565217392

_______________________ FAIRESS METRICS ____________________
DSP: 0.043010752688172116
DEO: 0.03132304815334275
DAO: 0.052828424497428736

