
Area under ROCurve: 0.7604761904761904
Accuracy : 0.73
Precision : 0.7590361445783133
Recall : 0.9
F1 score :0.8235294117647058

_______________________ FAIRESS METRICS ____________________
DSP: 0.03412809724170174
DEO: 0.024777933613838177
DAO: 0.01706404862085084

